2048
0 7 100
0 7 100
0 7 100
0 7 100
0 7 101
0 7 101
0 7 101
0 7 102
0 7 102
0 7 102
0 7 103
0 7 103
0 7 103
0 7 104
0 8 104
0 8 104
0 8 105
0 8 105
0 8 105
0 8 106
0 8 106
0 8 106
0 8 107
0 8 107
0 9 108
0 9 108
0 9 108
0 9 109
0 9 109
0 9 109
0 9 110
0 10 110
0 10 110
0 10 111
0 10 111
0 10 111
0 10 112
0 10 112
0 11 112
0 11 113
0 11 113
0 11 113
0 11 114
0 11 114
0 12 114
0 12 115
0 12 115
0 12 115
0 12 116
0 13 116
0 13 116
0 13 117
0 13 117
0 13 117
0 14 118
0 14 118
0 14 119
0 14 119
0 14 119
0 15 120
0 15 120
0 15 120
0 15 121
0 15 121
0 16 121
0 16 122
0 16 122
0 16 122
0 17 123
0 17 123
0 17 123
0 17 124
0 18 124
1 18 124
1 18 125
1 18 125
1 18 125
1 19 126
1 19 126
1 19 127
1 20 127
1 20 127
1 20 128
1 20 128
1 21 128
1 21 129
1 21 129
1 21 129
1 22 130
1 22 130
1 22 130
1 22 131
1 23 131
1 23 131
1 23 132
1 24 132
1 24 133
1 24 133
1 24 133
1 25 134
2 25 134
2 25 134
2 26 135
2 26 135
2 26 135
2 27 136
2 27 136
2 27 136
2 27 137
2 28 137
2 28 137
2 28 138
2 29 138
2 29 138
2 29 139
2 30 139
2 30 140
2 30 140
2 31 140
2 31 141
3 31 141
3 32 141
3 32 142
3 32 142
3 33 142
3 33 143
3 33 143
3 34 143
3 34 144
3 34 144
3 35 144
3 35 145
3 35 145
3 36 145
3 36 146
3 36 146
3 37 146
4 37 147
4 37 147
4 38 148
4 38 148
4 38 148
4 39 149
4 39 149
4 39 149
4 40 150
4 40 150
4 41 150
4 41 151
4 41 151
4 42 151
5 42 152
5 42 152
5 43 152
5 43 153
5 43 153
5 44 153
5 44 154
5 44 154
5 45 154
5 45 155
5 46 155
5 46 155
6 46 156
6 47 156
6 47 156
6 47 157
6 48 157
6 48 157
6 49 158
6 49 158
6 49 158
6 50 159
6 50 159
7 50 159
7 51 160
7 51 160
7 52 160
7 52 161
7 52 161
7 53 161
7 53 162
7 54 162
7 54 162
8 54 163
8 55 163
8 55 163
8 55 164
8 56 164
8 56 164
8 57 165
8 57 165
8 57 165
8 58 166
9 58 166
9 59 166
9 59 167
9 59 167
9 60 167
9 60 168
9 60 168
9 61 168
9 61 169
10 62 169
10 62 169
10 62 170
10 63 170
10 63 170
10 64 170
10 64 171
10 64 171
11 65 171
11 65 172
11 66 172
11 66 172
11 66 173
11 67 173
11 67 173
11 67 174
12 68 174
12 68 174
12 69 175
12 69 175
12 69 175
12 70 175
12 70 176
12 71 176
13 71 176
13 71 177
13 72 177
13 72 177
13 73 178
13 73 178
13 73 178
14 74 178
14 74 179
14 74 179
14 75 179
14 75 180
14 76 180
15 76 180
15 76 181
15 77 181
15 77 181
15 78 181
15 78 182
15 78 182
16 79 182
16 79 183
16 79 183
16 80 183
16 80 183
16 81 184
17 81 184
17 81 184
17 82 185
17 82 185
17 82 185
17 83 185
18 83 186
18 84 186
18 84 186
18 84 187
18 85 187
18 85 187
19 85 187
19 86 188
19 86 188
19 87 188
19 87 188
19 87 189
20 88 189
20 88 189
20 88 190
20 89 190
20 89 190
21 89 190
21 90 191
21 90 191
21 91 191
21 91 191
21 91 192
22 92 192
22 92 192
22 92 192
22 93 193
22 93 193
23 93 193
23 94 193
23 94 194
23 94 194
23 95 194
24 95 194
24 95 195
24 96 195
24 96 195
24 96 195
25 97 196
25 97 196
25 97 196
25 98 196
25 98 197
26 98 197
26 99 197
26 99 197
26 99 198
27 100 198
27 100 198
27 100 198
27 101 198
27 101 199
28 101 199
28 102 199
28 102 199
28 102 200
29 103 200
29 103 200
29 103 200
29 104 200
29 104 201
30 104 201
30 105 201
30 105 201
30 105 202
31 105 202
31 106 202
31 106 202
31 106 202
32 107 203
32 107 203
32 107 203
32 107 203
33 108 203
33 108 204
33 108 204
33 109 204
34 109 204
34 109 204
34 110 205
34 110 205
35 110 205
35 110 205
35 111 205
35 111 206
36 111 206
36 112 206
36 112 206
36 112 207
37 113 207
37 113 207
37 113 207
38 113 207
38 114 208
38 114 208
38 114 208
39 115 208
39 115 208
39 115 209
40 116 209
40 116 209
40 116 209
40 117 210
41 117 210
41 117 210
41 118 210
42 118 210
42 118 211
42 119 211
43 119 211
43 119 211
43 119 212
43 120 212
44 120 212
44 120 212
44 121 212
45 121 213
45 121 213
45 122 213
46 122 213
46 122 214
46 123 214
47 123 214
47 123 214
47 124 214
48 124 215
48 124 215
48 125 215
49 125 215
49 125 216
49 126 216
50 126 216
50 126 216
50 127 216
51 127 217
51 127 217
51 128 217
52 128 217
52 128 218
52 129 218
53 129 218
53 129 218
53 130 218
54 130 219
54 130 219
54 131 219
55 131 219
55 131 220
56 132 220
56 132 220
56 132 220
57 133 220
57 133 221
57 133 221
58 134 221
58 134 221
58 134 222
59 135 222
59 135 222
60 135 222
60 136 222
60 136 223
61 136 223
61 137 223
61 137 223
62 137 224
62 138 224
63 138 224
63 139 224
63 139 224
64 139 225
64 140 225
64 140 225
65 140 225
65 141 226
66 141 226
66 141 226
66 142 226
67 142 227
67 142 227
68 143 227
68 143 227
68 143 227
69 144 228
69 144 228
70 144 228
70 145 228
70 145 229
71 145 229
71 146 229
72 146 229
72 147 229
72 147 230
73 147 230
73 148 230
74 148 230
74 148 231
74 149 231
75 149 231
75 149 231
76 150 231
76 150 232
76 150 232
77 151 232
77 151 232
78 151 233
78 152 233
78 152 233
79 153 233
79 153 233
80 153 234
80 154 234
81 154 234
81 154 234
81 155 234
82 155 235
82 155 235
83 156 235
83 156 235
84 156 236
84 157 236
84 157 236
85 157 236
85 158 236
86 158 237
86 159 237
87 159 237
87 159 237
87 160 238
88 160 238
88 160 238
89 161 238
89 161 238
90 161 239
90 162 239
90 162 239
91 162 239
91 163 239
92 163 240
92 164 240
93 164 240
93 164 240
93 165 240
94 165 241
94 165 241
95 166 241
95 166 241
96 166 242
96 167 242
97 167 242
97 167 242
97 168 242
98 168 243
98 168 243
99 169 243
99 169 243
100 170 243
100 170 244
101 170 244
101 171 244
101 171 244
102 171 244
102 172 245
103 172 245
103 172 245
104 173 245
104 173 245
105 173 246
105 174 246
106 174 246
106 175 246
106 175 246
107 175 247
107 176 247
108 176 247
108 176 247
109 177 247
109 177 248
110 177 248
110 178 248
111 178 248
111 178 248
111 179 248
112 179 249
112 179 249
113 180 249
113 180 249
114 180 249
114 181 250
115 181 250
115 182 250
116 182 250
116 182 250
117 183 251
117 183 251
117 183 251
118 184 251
118 184 251
119 184 251
119 185 252
120 185 252
120 185 252
121 186 252
121 186 252
122 186 252
122 187 253
123 187 253
123 187 253
123 188 253
124 188 253
124 188 254
125 189 254
125 189 254
126 189 254
126 190 254
127 190 254
127 190 255
128 191 255
128 191 255
129 192 255
129 192 255
129 192 255
130 193 255
130 193 255
131 193 255
131 194 255
132 194 255
132 194 255
133 195 255
133 195 255
134 195 255
134 196 255
135 196 255
135 196 255
136 197 255
136 197 255
136 197 255
137 198 255
137 198 255
138 198 255
138 199 255
139 199 255
139 199 255
140 200 255
140 200 255
141 200 255
141 201 255
142 201 255
142 201 255
142 201 255
143 202 255
143 202 255
144 202 255
144 203 255
145 203 255
145 203 255
146 204 255
146 204 255
147 204 255
147 205 255
148 205 255
148 205 255
148 206 255
149 206 255
149 206 255
150 207 255
150 207 255
151 207 255
151 208 255
152 208 255
152 208 255
153 209 255
153 209 255
154 209 255
154 209 255
154 210 255
155 210 255
155 210 255
156 211 255
156 211 255
157 211 255
157 212 255
158 212 255
158 212 255
159 213 255
159 213 255
159 213 255
160 213 255
160 214 255
161 214 255
161 214 255
162 215 255
162 215 255
163 215 255
163 216 255
163 216 255
164 216 255
164 216 255
165 217 255
165 217 255
166 217 255
166 218 255
167 218 255
167 218 255
167 218 255
168 219 255
168 219 255
169 219 255
169 220 255
170 220 255
170 220 255
171 220 255
171 221 255
171 221 255
172 221 255
172 222 255
173 222 255
173 222 255
174 222 255
174 223 255
175 223 255
175 223 255
175 224 255
176 224 255
176 224 255
177 224 255
177 225 255
178 225 255
178 225 255
178 225 255
179 226 255
179 226 255
180 226 255
180 227 255
181 227 255
181 227 255
181 227 255
182 228 255
182 228 255
183 228 255
183 228 255
184 229 255
184 229 255
184 229 255
185 229 255
185 230 255
186 230 255
186 230 255
186 230 255
187 231 255
187 231 255
188 231 255
188 231 255
189 232 255
189 232 255
189 232 255
190 232 255
190 233 255
191 233 255
191 233 255
191 233 255
192 234 255
192 234 255
193 234 255
193 234 255
193 235 255
194 235 255
194 235 255
195 235 255
195 235 255
195 236 255
196 236 255
196 236 255
197 236 255
197 237 255
197 237 255
198 237 255
198 237 255
199 237 255
199 238 255
199 238 255
200 238 255
200 238 255
200 239 255
201 239 255
201 239 255
202 239 255
202 239 255
202 240 255
203 240 255
203 240 255
203 240 255
204 240 255
204 241 255
205 241 255
205 241 255
205 241 255
206 241 255
206 242 255
206 242 255
207 242 255
207 242 255
208 242 255
208 243 255
208 243 255
209 243 255
209 243 255
209 243 255
210 244 255
210 244 255
210 244 255
211 244 255
211 244 255
211 244 255
212 245 255
212 245 255
212 245 255
213 245 255
213 245 255
213 245 255
214 246 255
214 246 255
214 246 255
215 246 255
215 246 255
215 246 255
216 247 255
216 247 255
216 247 255
217 247 255
217 247 255
217 247 255
218 248 255
218 248 255
218 248 255
219 248 255
219 248 255
219 248 255
220 248 255
220 249 255
220 249 255
221 249 255
221 249 255
221 249 255
222 249 255
222 249 255
222 250 255
222 250 255
223 250 255
223 250 255
223 250 255
224 250 255
224 250 255
224 250 255
225 251 255
225 251 255
225 251 255
225 251 255
226 251 255
226 251 255
226 251 255
227 251 255
227 251 255
227 252 255
227 252 255
228 252 255
228 252 255
228 252 255
228 252 255
229 252 255
229 252 255
229 252 255
230 252 255
230 253 255
230 253 255
230 253 255
231 253 255
231 253 255
231 253 255
231 253 255
232 253 255
232 253 255
232 253 255
232 253 255
233 253 255
233 254 255
233 254 255
233 254 255
234 254 255
234 254 255
234 254 255
234 254 255
234 254 255
235 254 255
235 254 255
235 254 255
235 254 255
236 254 255
236 254 255
236 254 255
236 254 255
236 254 255
237 255 254
237 255 254
237 255 254
237 255 254
238 255 253
238 255 253
238 255 253
238 255 253
238 255 252
239 255 252
239 255 252
239 255 251
239 255 251
239 255 251
240 255 250
240 255 250
240 255 250
240 255 250
240 255 249
241 255 249
241 255 249
241 255 248
241 255 248
242 255 248
242 255 247
242 255 247
242 255 246
242 255 246
243 255 246
243 255 245
243 255 245
243 255 245
243 255 244
244 255 244
244 255 243
244 255 243
244 255 243
244 255 242
245 255 242
245 255 241
245 255 241
245 255 240
245 255 240
246 255 240
246 255 239
246 255 239
246 255 238
246 255 238
247 255 237
247 255 237
247 255 236
247 255 236
247 255 235
248 255 235
248 255 235
248 255 234
248 255 234
248 255 233
249 255 233
249 254 232
249 254 232
249 254 231
249 254 231
250 254 230
250 254 229
250 254 229
250 254 228
250 254 228
251 254 227
251 254 227
251 254 226
251 254 226
251 254 225
251 254 225
252 254 224
252 254 223
252 254 223
252 253 222
252 253 222
253 253 221
253 253 221
253 253 220
253 253 219
253 253 219
254 253 218
254 253 218
254 253 217
254 253 217
254 253 216
254 253 215
255 252 215
255 252 214
255 252 213
255 252 213
255 252 212
255 252 212
255 252 211
255 252 210
255 252 210
255 252 209
255 252 208
255 251 208
255 251 207
255 251 207
255 251 206
255 251 205
255 251 205
255 251 204
255 251 203
255 251 203
255 251 202
255 250 201
255 250 201
255 250 200
255 250 199
255 250 199
255 250 198
255 250 197
255 250 197
255 250 196
255 249 195
255 249 194
255 249 194
255 249 193
255 249 192
255 249 192
255 249 191
255 249 190
255 248 190
255 248 189
255 248 188
255 248 187
255 248 187
255 248 186
255 248 185
255 247 185
255 247 184
255 247 183
255 247 182
255 247 182
255 247 181
255 247 180
255 246 179
255 246 179
255 246 178
255 246 177
255 246 177
255 246 176
255 246 175
255 245 174
255 245 174
255 245 173
255 245 172
255 245 171
255 245 171
255 245 170
255 244 169
255 244 168
255 244 168
255 244 167
255 244 166
255 244 165
255 243 165
255 243 164
255 243 163
255 243 162
255 243 161
255 243 161
255 242 160
255 242 159
255 242 158
255 242 158
255 242 157
255 242 156
255 241 155
255 241 155
255 241 154
255 241 153
255 241 152
255 240 151
255 240 151
255 240 150
255 240 149
255 240 148
255 240 148
255 239 147
255 239 146
255 239 145
255 239 144
255 239 144
255 238 143
255 238 142
255 238 141
255 238 141
255 238 140
255 237 139
255 237 138
255 237 137
255 237 137
255 237 136
255 236 135
255 236 134
255 236 133
255 236 133
255 236 132
255 235 131
255 235 130
255 235 130
255 235 129
255 235 128
255 234 127
255 234 126
255 234 126
255 234 125
255 234 124
255 233 123
255 233 122
255 233 122
255 233 121
255 233 120
255 232 119
255 232 119
255 232 118
255 232 117
255 231 116
255 231 115
255 231 115
255 231 114
255 231 113
255 230 112
255 230 112
255 230 111
255 230 110
255 229 109
255 229 108
255 229 108
255 229 107
255 229 106
255 228 105
255 228 105
255 228 104
255 228 103
255 227 102
255 227 101
255 227 101
255 227 100
255 226 99
255 226 98
255 226 98
255 226 97
255 226 96
255 225 95
255 225 95
255 225 94
255 225 93
255 224 92
255 224 91
255 224 91
255 224 90
255 223 89
255 223 88
255 223 88
255 223 87
255 222 86
255 222 85
255 222 85
255 222 84
255 221 83
255 221 83
255 221 82
255 221 81
255 220 80
255 220 80
255 220 79
255 220 78
255 219 77
255 219 77
255 219 76
255 219 75
255 218 74
255 218 74
255 218 73
255 218 72
255 217 72
255 217 71
255 217 70
255 217 69
255 216 69
255 216 68
255 216 67
255 216 67
255 215 66
255 215 65
255 215 65
255 215 64
255 214 63
255 214 63
255 214 62
255 214 61
255 213 60
255 213 60
255 213 59
255 213 58
255 212 58
255 212 57
255 212 56
255 211 56
255 211 55
255 211 54
255 211 54
255 210 53
255 210 53
255 210 52
255 210 51
255 209 51
255 209 50
255 209 49
255 209 49
255 208 48
255 208 47
255 208 47
255 207 46
255 207 46
255 207 45
255 207 44
255 206 44
255 206 43
255 206 42
255 206 42
255 205 41
255 205 41
255 205 40
255 204 40
255 204 39
255 204 38
255 204 38
255 203 37
255 203 37
255 203 36
255 202 35
255 202 35
255 202 34
255 202 34
255 201 33
255 201 33
255 201 32
255 201 32
255 200 31
255 200 31
255 200 30
255 199 29
255 199 29
255 199 28
255 199 28
255 198 27
255 198 27
255 198 26
255 197 26
255 197 25
255 197 25
255 197 24
255 196 24
255 196 23
255 196 23
255 195 23
255 195 22
255 195 22
255 195 21
255 194 21
255 194 20
255 194 20
255 194 19
255 193 19
255 193 18
255 193 18
255 192 18
255 192 17
255 192 17
255 192 16
255 191 16
255 191 16
255 191 15
255 190 15
255 190 14
255 190 14
255 190 14
255 189 13
255 189 13
255 189 12
255 188 12
255 188 12
255 188 11
255 188 11
255 187 11
255 187 10
255 187 10
255 186 10
255 186 9
255 186 9
255 186 9
255 185 8
255 185 8
255 185 8
255 184 7
255 184 7
255 184 7
255 183 7
255 183 6
255 183 6
255 183 6
255 182 6
255 182 5
255 182 5
255 181 5
255 181 5
255 181 4
255 181 4
255 180 4
255 180 4
255 180 3
255 179 3
255 179 3
255 179 3
255 179 3
255 178 2
255 178 2
255 178 2
255 177 2
255 177 2
255 177 2
255 177 1
255 176 1
255 176 1
255 176 1
255 175 1
255 175 1
255 175 1
255 175 0
255 174 0
255 174 0
255 174 0
255 173 0
255 173 0
255 173 0
255 173 0
255 172 0
255 172 0
255 172 0
255 171 0
255 171 0
255 171 0
255 171 0
255 170 0
255 170 0
255 170 0
254 169 0
254 169 0
254 169 0
254 169 0
253 168 0
253 168 0
253 168 0
252 167 0
252 167 0
252 167 0
251 166 0
251 166 0
251 166 0
250 166 0
250 165 0
250 165 0
249 165 0
249 164 0
249 164 0
248 164 0
248 163 0
248 163 0
247 163 0
247 162 0
246 162 0
246 162 0
246 161 0
245 161 0
245 161 0
244 160 0
244 160 0
244 160 0
243 159 0
243 159 0
242 158 0
242 158 0
241 158 0
241 157 0
240 157 0
240 157 0
240 156 0
239 156 0
239 156 0
238 155 0
238 155 0
237 154 0
237 154 0
236 154 0
236 153 0
235 153 0
235 152 0
234 152 0
234 152 0
233 151 0
233 151 0
232 150 0
232 150 0
231 150 0
231 149 0
230 149 0
229 148 0
229 148 0
228 148 0
228 147 0
227 147 0
227 146 0
226 146 0
225 146 0
225 145 0
224 145 0
224 144 0
223 144 0
223 143 0
222 143 0
221 143 0
221 142 0
220 142 0
220 141 0
219 141 0
218 140 0
218 140 0
217 140 0
217 139 0
216 139 0
215 138 0
215 138 0
214 137 0
213 137 0
213 137 0
212 136 0
211 136 0
211 135 0
210 135 0
209 134 0
209 134 0
208 133 0
207 133 0
207 132 0
206 132 0
205 132 0
205 131 0
204 131 0
203 130 0
203 130 0
202 129 0
201 129 0
201 128 0
200 128 0
199 127 0
199 127 0
198 126 0
197 126 0
196 125 0
196 125 0
195 125 0
194 124 0
194 124 0
193 123 0
192 123 0
191 122 0
191 122 0
190 121 0
189 121 0
189 120 0
188 120 0
187 119 0
186 119 0
186 118 0
185 118 0
184 117 0
183 117 0
183 116 0
182 116 0
181 115 0
180 115 0
180 114 0
179 114 0
178 113 0
177 113 0
177 112 0
176 112 0
175 111 0
174 111 0
174 110 0
173 110 0
172 109 0
171 109 0
170 108 0
170 108 0
169 107 0
168 107 0
167 106 0
167 106 0
166 105 0
165 105 0
164 104 0
163 104 0
163 103 0
162 103 0
161 102 0
160 102 0
160 101 0
159 101 0
158 100 0
157 100 0
156 99 0
156 99 0
155 98 0
154 98 0
153 97 0
152 97 0
152 96 0
151 96 0
150 95 0
149 95 0
148 94 0
148 94 0
147 93 0
146 93 0
145 92 0
144 92 0
144 91 0
143 91 0
142 90 0
141 90 0
140 89 0
140 89 0
139 88 0
138 88 0
137 87 0
136 87 0
136 86 0
135 86 0
134 85 0
133 85 0
132 84 0
131 84 0
131 83 0
130 83 0
129 82 0
128 82 0
127 81 0
127 81 0
126 80 0
125 80 0
124 79 0
123 79 0
123 78 0
122 78 0
121 77 0
120 77 0
119 76 0
119 76 0
118 75 0
117 75 0
116 74 0
115 74 0
115 73 0
114 73 0
113 72 0
112 72 0
111 71 0
111 71 0
110 71 0
109 70 0
108 70 0
107 69 0
107 69 0
106 68 0
105 68 0
104 67 0
103 67 0
103 66 0
102 66 0
101 65 0
100 65 0
99 64 0
99 64 0
98 63 0
97 63 0
96 62 0
96 62 0
95 61 0
94 61 0
93 60 0
92 60 0
92 59 0
91 59 0
90 58 0
89 58 0
89 58 0
88 57 0
87 57 0
86 56 0
85 56 0
85 55 0
84 55 0
83 54 0
82 54 0
82 53 0
81 53 0
80 52 0
79 52 0
79 52 0
78 51 0
77 51 0
76 50 0
76 50 0
75 49 0
74 49 0
73 48 0
73 48 0
72 47 0
71 47 0
70 47 0
70 46 0
69 46 0
68 45 0
68 45 0
67 44 0
66 44 0
65 44 0
65 43 0
64 43 0
63 42 0
63 42 0
62 41 0
61 41 0
61 41 0
60 40 0
59 40 0
58 39 0
58 39 0
57 38 0
56 38 0
56 38 0
55 37 0
54 37 0
54 36 0
53 36 0
52 36 0
52 35 0
51 35 0
50 34 0
50 34 0
49 34 0
48 33 0
48 33 0
47 32 0
46 32 0
46 32 0
45 31 0
45 31 0
44 30 0
43 30 0
43 30 0
42 29 0
41 29 0
41 29 0
40 28 0
40 28 0
39 28 0
38 27 0
38 27 0
37 26 0
37 26 0
36 26 0
36 25 0
35 25 0
34 25 0
34 24 0
33 24 0
33 24 0
32 23 0
32 23 0
31 23 0
30 22 0
30 22 0
29 22 0
29 21 0
28 21 0
28 21 0
27 20 0
27 20 0
26 20 0
26 19 0
25 19 0
25 19 0
24 18 0
24 18 0
23 18 0
23 17 0
22 17 0
22 17 0
21 17 0
21 16 0
20 16 0
20 16 0
19 15 0
19 15 0
19 15 0
18 15 0
18 14 0
17 14 0
17 14 0
16 13 0
16 13 0
16 13 0
15 13 0
15 12 0
14 12 0
14 12 0
14 12 0
13 11 0
13 11 0
12 11 0
12 11 0
12 10 0
11 10 0
11 10 0
11 10 0
10 10 0
10 9 0
10 9 0
9 9 0
9 9 0
9 8 0
8 8 0
8 8 0
8 8 0
7 8 0
7 7 0
7 7 0
6 7 0
6 7 0
6 7 0
6 6 0
5 6 0
5 6 0
5 6 0
5 6 0
4 6 0
4 5 0
4 5 0
4 5 0
3 5 0
3 5 0
3 5 0
3 5 0
3 4 0
2 4 0
2 4 0
2 4 0
2 4 0
2 4 0
2 4 0
1 3 0
1 3 0
1 3 0
1 3 0
1 3 0
1 3 0
1 3 0
0 3 0
0 3 0
0 2 0
0 2 0
0 2 0
0 2 0
0 2 0
0 2 0
0 2 0
0 2 0
0 2 0
0 2 0
0 2 0
0 2 0
0 2 0
0 2 0
0 2 0
0 2 0
0 1 0
0 1 0
0 1 0
0 1 0
0 1 0
0 1 0
0 1 0
0 1 0
0 1 0
0 1 0
0 1 0
0 1 0
0 1 0
0 1 0
0 1 0
0 1 0
0 1 0
0 1 0
0 1 0
0 1 0
0 1 1
0 1 1
0 1 1
0 1 1
0 1 1
0 1 1
0 1 1
0 1 1
0 1 1
0 1 2
0 1 2
0 1 2
0 1 2
0 1 2
0 1 2
0 1 2
0 0 3
0 0 3
0 0 3
0 0 3
0 0 3
0 0 3
0 0 4
0 0 4
0 0 4
0 0 4
0 0 4
0 0 5
0 0 5
0 0 5
0 0 5
0 0 5
0 0 6
0 0 6
0 0 6
0 0 6
0 0 6
0 0 7
0 0 7
0 0 7
0 0 7
0 0 8
0 0 8
0 0 8
0 0 8
0 0 9
0 0 9
0 0 9
0 0 9
0 0 10
0 0 10
0 0 10
0 0 11
0 0 11
0 0 11
0 0 11
0 0 12
0 0 12
0 0 12
0 0 13
0 0 13
0 0 13
0 0 14
0 0 14
0 0 14
0 0 15
0 0 15
0 0 15
0 0 15
0 0 16
0 0 16
0 0 16
0 0 17
0 0 17
0 0 17
0 0 18
0 0 18
0 0 19
0 0 19
0 0 19
0 0 20
0 0 20
0 0 20
0 0 21
0 0 21
0 1 21
0 1 22
0 1 22
0 1 22
0 1 23
0 1 23
0 1 24
0 1 24
0 1 24
0 1 25
0 1 25
0 1 26
0 1 26
0 1 26
0 1 27
0 1 27
0 1 28
0 1 28
0 1 28
0 1 29
0 1 29
0 1 30
0 1 30
0 1 30
0 1 31
0 1 31
0 1 32
0 1 32
0 1 32
0 1 33
0 1 33
0 1 34
0 1 34
0 1 34
0 1 35
0 1 35
0 1 36
0 1 36
0 1 37
0 1 37
0 1 37
0 1 38
0 1 38
0 1 39
0 1 39
0 1 40
0 2 40
0 2 41
0 2 41
0 2 41
0 2 42
0 2 42
0 2 43
0 2 43
0 2 44
0 2 44
0 2 45
0 2 45
0 2 45
0 2 46
0 2 46
0 2 47
0 2 47
0 2 48
0 2 48
0 2 49
0 2 49
0 2 49
0 2 50
0 2 50
0 2 51
0 2 51
0 2 52
0 2 52
0 2 53
0 2 53
0 2 54
0 2 54
0 3 54
0 3 55
0 3 55
0 3 56
0 3 56
0 3 57
0 3 57
0 3 58
0 3 58
0 3 59
0 3 59
0 3 59
0 3 60
0 3 60
0 3 61
0 3 61
0 3 62
0 3 62
0 3 63
0 3 63
0 3 64
0 3 64
0 3 65
0 3 65
0 3 65
0 3 66
0 3 66
0 3 67
0 4 67
0 4 68
0 4 68
0 4 69
0 4 69
0 4 69
0 4 70
0 4 70
0 4 71
0 4 71
0 4 72
0 4 72
0 4 73
0 4 73
0 4 73
0 4 74
0 4 74
0 4 75
0 4 75
0 4 76
0 4 76
0 4 77
0 4 77
0 4 77
0 4 78
0 4 78
0 5 79
0 5 79
0 5 80
0 5 80
0 5 80
0 5 81
0 5 81
0 5 82
0 5 82
0 5 83
0 5 83
0 5 83
0 5 84
0 5 84
0 5 85
0 5 85
0 5 85
0 5 86
0 5 86
0 5 87
0 5 87
0 5 87
0 5 88
0 5 88
0 5 89
0 5 89
0 5 89
0 6 90
0 6 90
0 6 91
0 6 91
0 6 91
0 6 92
0 6 92
0 6 92
0 6 93
0 6 93
0 6 94
0 6 94
0 6 94
0 6 95
0 6 95
0 6 95
0 6 96
0 6 96
0 6 96
0 6 97
0 6 97
0 6 97
0 6 98
0 6 98
0 6 99
0 6 99
0 6 99
